nan
3,14
3,9,14
3,17
9
8
3,10
3,4,5
3,8
3,4
3,4,8,11
3,4,10
3
3,5
2,3,8
1,3,4,10
4,10
1,5,10
1,3
17
4,17
4
4,9
4,14
2,6,9,14
2,9
2,4,9
3,3
11
8,11
1,4
1
4,8
4,8,9
8,9
4,8,17
9,13,17
9,17
4,9,17
3,9
4,16
2,3,7,9,11,13
2,3,6
6
2,7,13
4,6,9
6,9
6,9,11
9,11
-
2,12
12
9,12
6,11
4,8,10
7
2,3
5,8,9,10,11,13
1,8
1,9
2
4,5
4,7
16
4,7,9
4,9,12
3,13
3,6,13
6,15
11,14
3,11
5
1,5
10
5,10
9,13
9,8
3,8,9
8,14
2,4
2,4,15
8,12
7,9
15
9,15
9,13,15
9,11,15
7,9,13
2,6,9
4,5,10
3,4,17
4,9,13
4,9,14
14
2,8,14
2,6
6,17
3,4,7,9
3,4,5,8,9
9,3
9,8,11
4,9,11
3,4,9
1,9,11
9,11,13
4,8,12,13
4,8,9,12
15,13
3,15
13
1,4,5
3,33
3,38
3,38,10
5,16
5,16,10
4,5,16
3,4,5,16
1,8,9
26
6,12
2,9,12
4,4
4,4,10
9,16
4,9,12,15
4,5,8
4,5,9,17
16,4
4,3
2,6,13
6,13
No
3,9,11
1,4,8
911
1,4,9
9,4
1,4,10
9,16,16
2,9,13
2,6,13,15
4,11
4,13
2,13
7,9,11
11,17
11,13
4,5,10,16
34
48
410
3,5,9
9,11,3
1,9,3
1,4,11
8,16
9,11,10
4,8,12
14,15
4,8,13,15
9,12,13
310
8,11,14
9,10,16
1,11
4,6,13
4,6,9,11
1,6,13
4,8,13
4,8,9,11
1,13,14
7,9,11,12,13,14
2,8
2,9,17
9,14
9,10,17
3,9,16
3,4,9,11
4,7,9,11
11,12
17,9
6,9,13
6,8,9
16,16
4,9,16
8,10
4,6
9,11,12
2,3,11
11,9,17
1,3,9
9,10
1,8,9,10,11
1,4,9,11
1,6,9
6,9,12
6,13,9,12
2,3,9,12
1,4,16
1,4,16,10
4,16,8
1,3,4,9
9,11,8,10,16,16
15,13,2
3,16
8,9,11
1,4,8,10
4,11,16,16
1,4,9,10
4,10,16
4,9,10
-pecific
4,16,16
3,12
1,10
4,8,15
8,11,12
3,4,8
3,8,11
10,16
2,13,15,17
11,5,10,13
3,2
3,2,9
4,9,11,3
1,9,11,17
10,17
4,10,17
3,9,12
2,9,11
9,10,13
8:8
4:4,9
7,9,12
4,10,16,16

11,7
7,13
7,11
4,7,9,13
1,6,9,13
1,9,17
1,10,17
4,9,10,17
4,8,9,3
2,11,15
6,14,15
9,7,8,11
9,7
2,13,15
4,2
9,4,8
2,3,13,15
2,14
1,3,4,5
16,3
1,4,8,9
1,8,9,10
4,10,11
1,8,9,11,12
4,8,11
1,8,11
8,9,12
4,5,8,9
8,4
1,3,4,8,10
6,14
1,8,10
12,13
10,16,16
4,7,9,16
3,4,9,16
3,4,8,9,16
1,16
13,15
3,13,15
3,4,9,13,15
6,12,14
17,8
17,8,9
7,8,9,11,13,14,15
1,3,10
12,9
5,9,10
5,8,9
5,8,9,10
4,5,8,9,10
69
614
79
3,4,14
2,15
4,13,17
1,3,16
4,8,16
12,14
3,6,12
3,6
3,6,14
6,13,15
5,15
5,6,13,15
5,14
5,13
5,13,15
4,5,10,12,13,15
4,5,13
2,12,14,15
2,12,13,14,15
7,12,13
5,8,12,15
5,8,12
5,8,10,12,15
4,4,9
4,15
8,9,16
4,14,15
5,8
5,9,11,13
9,6
8,9,12,13
4,8,9,13
8,9,13
4,5,9
4,5,8,10
1,12,14
1,4,14
4,11,14
3,12,13
3,12,14
9,12,14
6,11,12
3,6,11
3,6,11,12
11,13,14
3,8,9,11
4,4,16
5,9
2,8,9,12
2,8,12
1,5,8
5,17
6,9,13,15
3,9,13,14,15
3,4,8,9
7,9,14
14,17
1,2,8,9,10
1,2
1,2,4,9,10,11
1,2,4,9,10
2,9,15
3,4,5,8
14,9
4,4,8,9,11
3,4,9,11,16
1,3,4,11
9,11,17
4,8,10,11
1,2,3,4,5,6,7,8,9,10,11,12,13,14,15,16,16,17
Inthisway,wecombinetraditionalpracticeswithmoremoder-defficientagriculture,suchashedgecrops,whereproductivewallsoftreesnomorethantwometershighachievehighyieldsonlesslandarea,withlowerproductioncostsandgreateroptimizationoffertilizers,water,andphytosanitaryproducts,emphasizestheUPCTresearcher2,9,13
3,4,9,11,12
4,12
9,2
9,17,2
9,8,17
8,9,4
17,11
1,4,9,17
2,11
1,8,9,4
2,4,9,11
9,11,6
1,4,16,16,9,15
6,7
2,4,8
2,3,12
2,8,9
1,8,9,11
1,2,8,10
3,4,5,9,10,11,12,13,14,15
5,10,16,16
2,4,7
2,3,13
2,12,14
3,7,9
9,3,4
3,9,4
3,5,10
12,13,15,17
s
1,4,9,11,13
9,11,12,13
1,9,14,15
9,6,14
1,4,9,8
4,12,13
10,17,13
4,5,16,16
1,4,9,13
1,4,13
1,4,17
4,911
8,13
8,15
11,9
8,9,17
14,13
14,12
14,8,15
8,12,15
1,2,3
